120 100
120 101
120 102
120 103
120 104
120 105
120 106
120 107
120 108
120 109
120 110
120 111
120 112
120 113
120 114
120 115
120 116
120 117
120 118
120 119
100 4
100 30
100 55
100 72
100 95
101 1
101 32
101 67
101 73
101 91
102 54
102 62
102 70
102 82
102 92
103 9
103 10
103 16
103 28
103 61
104 0
104 51
104 53
104 57
104 83
105 22
105 39
105 40
105 86
105 87
106 5
106 20
106 25
106 84
106 94
107 6
107 7
107 14
107 18
107 24
108 3
108 42
108 43
108 88
108 97
109 12
109 17
109 37
109 68
109 76
110 23
110 33
110 49
110 60
110 71
111 15
111 19
111 21
111 31
111 38
112 34
112 63
112 64
112 66
112 75
113 26
113 45
113 77
113 79
113 99
114 2
114 11
114 35
114 46
114 98
115 27
115 29
115 44
115 78
115 93
116 36
116 50
116 65
116 74
116 80
117 47
117 52
117 56
117 59
117 96
118 8
118 13
118 48
118 58
118 90
119 41
119 69
119 81
119 85
119 89
